10102 1235687921 22.559837 88.490211
10102 1235687921 22.559836 88.490214
10102 1235687921 22.559835 88.490215
10102 1235687921 22.559838 88.490216
10102 1235687921 22.559833 88.490217
10102 1235687921 22.559836 88.490218
10102 1235687921 22.559835 88.490219
10102 1235687921 22.559837 88.490220
10102 1235687921 22.699830 88.374535
10102 1235687921 22.699832 88.374534
10102 1235687921 22.699831 88.374536
10102 1235687921 22.699829 88.374537
10102 1235687921 22.699833 88.374538
10102 1235687921 22.699828 88.374539
10102 1235687921 22.699831 88.374540
10102 1235687921 22.699830 88.374541
10102 1235687921 22.589606 88.390644
10102 1235687921 22.589608 88.390643
10102 1235687921 22.589607 88.390645
10102 1235687921 22.589605 88.390646
10102 1235687921 22.589609 88.390647
10102 1235687921 22.559837 88.490211
10102 1235687921 22.559836 88.490214
10102 1235687921 22.559835 88.490215
10102 1235687921 22.699830 88.374535
10102 1235687921 22.699832 88.374534
10102 1235687921 22.699831 88.374536
10102 1235687921 22.699829 88.374537
10102 1235687921 22.699833 88.374538
10102 1235687921 22.589606 88.390644
10102 1235687921 22.589608 88.390643
10102 1235687921 22.589607 88.390645
10102 1235687921 22.589605 88.390646
10102 1235687921 22.589609 88.390647
10102 1235687921 22.559837 88.490211
10102 1235687921 22.559836 88.490214
10101 1235687921 22.559837 88.490211
10101 1235687921 22.559834 88.490213
10101 1235687921 22.559835 88.490215
10101 1235687921 22.559838 88.490216
10101 1235687921 22.559833 88.490217
10101 1235687921 22.559836 88.490218
10101 1235687921 22.559835 88.490219
10101 1235687921 22.559837 88.490220
10101 1235687921 22.699830 88.374535
10101 1235687921 22.699832 88.374534
10101 1235687921 22.699831 88.374536
10101 1235687921 22.699829 88.374537
10101 1235687921 22.699833 88.374538
10101 1235687921 22.699828 88.374539
10101 1235687921 22.699831 88.374540
10101 1235687921 22.699830 88.374541
10101 1235687921 22.589606 88.390644
10101 1235687921 22.589608 88.390643
10101 1235687921 22.589607 88.390645
10101 1235687921 22.589605 88.390646
10101 1235687921 22.589609 88.390647
10101 1235687921 22.559837 88.490211
10101 1235687921 22.559834 88.490213
10101 1235687921 22.559835 88.490215
10101 1235687921 22.699830 88.374535
10101 1235687921 22.699832 88.374534
10101 1235687921 22.699831 88.374536
10101 1235687921 22.699829 88.374537
10101 1235687921 22.699833 88.374538
10101 1235687921 22.589606 88.390644
10101 1235687921 22.589608 88.390643
10101 1235687921 22.589607 88.390645
10101 1235687921 22.589605 88.390646
10101 1235687921 22.589609 88.390647
10101 1235687921 22.559837 88.490211
10101 1235687921 22.559834 88.490213
